001600190170,5164995368070,001,31/12/2020
001600190171,7755841985953,001,31/12/2020
001600190172,6246610181555,001,31/12/2020
001600190173,4950847812616,001,31/12/2020
001600190174,1043625853650,001,31/12/2020
001600190175,7521767250883,001,31/12/2020
001600190176,5508240874927,001,31/12/2020
001600190177,9211820331145,001,31/12/2020
001600190178,1806030847597,001,31/12/2020
001600190179,3518048120523,001,31/12/2020
001600190180,1117514138962,001,31/12/2020
001600190181,7782799164264,001,31/12/2020
001600190182,1438284713718,001,31/12/2020
001600190183,3837789422023,001,31/12/2020
001600190184,6818268173935,001,31/12/2020
001600190185,8649130069077,001,31/12/2020
001600190186,9192652732323,001,31/12/2020
001600190187,8930559985677,001,31/12/2020
001600190188,7047035244847,001,31/12/2020
001600190189,7038340565550,001,31/12/2020
001600190190,4853985585502,001,31/12/2020
001600190191,6567884858136,001,31/12/2020
001600190192,5492787303920,001,31/12/2020
001600190193,2791613283126,001,31/12/2020
001600190194,7508240876907,001,31/12/2020
001600190195,5671664296119,001,31/12/2020
001600190196,4106224901713,001,31/12/2020
001600190197,7723325554901,001,31/12/2020
001600190198,6665490328900,001,31/12/2020
001600190199,1330438828802,001,31/12/2020
001600190200,6620814931772,001,31/12/2020
001600190201,6506607966171,001,31/12/2020
001600190202,1251739294336,001,31/12/2020
001600190203,2942165440247,001,31/12/2020
001600190204,5464570931743,001,31/12/2020
001600190205,5823440777508,001,31/12/2020
001600190206,7335322957925,001,31/12/2020
001600190207,3232145155316,001,31/12/2020
001600190208,3528428624974,001,31/12/2020
001600190209,3521277925383,001,31/12/2020
001600190210,2003163007603,001,31/12/2020
001600190211,5399969733300,001,31/12/2020
001600190212,2171691933818,001,31/12/2020
001600190213,9898563524846,001,31/12/2020
001600190214,6396253085619,001,31/12/2020
001600190215,8622650771895,001,31/12/2020
001600190216,2617801004928,001,31/12/2020
001600190217,8014665896403,001,31/12/2020
001600190218,2428667679592,001,31/12/2020
001600190219,6877419279780,001,31/12/2020
001600190220,9047500623203,001,31/12/2020
001600190221,9637396942274,001,31/12/2020
001600190222,3009728682861,001,31/12/2020
001600190223,8501286514464,001,31/12/2020
001600190224,8753895040241,001,31/12/2020
001600190225,7504443182066,001,31/12/2020
001600190226,6804083400392,001,31/12/2020
001600190227,4302399805893,001,31/12/2020
001600190228,6935192670753,001,31/12/2020
001600190229,4709646748816,001,31/12/2020
001600190230,4589981556457,001,31/12/2020
001600190231,6896042382111,001,31/12/2020
001600190232,1142892922224,001,31/12/2020
001600190233,1192788778790,001,31/12/2020
001600190234,5472255614353,001,31/12/2020
001600190235,8967378485880,001,31/12/2020
001600190236,2964746421722,001,31/12/2020
001600190237,9604811953054,001,31/12/2020
001600190238,2977197906129,001,31/12/2020
001600190239,9580210669263,001,31/12/2020
001600190240,7538623930063,001,31/12/2020
001600190241,4881302309553,001,31/12/2020
001600190242,1737118326035,001,31/12/2020
001600190243,4939383823544,001,31/12/2020
001600190244,6987937945816,001,31/12/2020
001600190245,6894233351993,001,31/12/2020
001600190246,4928323863220,001,31/12/2020
001600190247,1118500244476,001,31/12/2020
001600190248,6612695377534,001,31/12/2020
001600190249,8032978048088,001,31/12/2020
001600190250,1374502651539,001,31/12/2020
001600190251,4766564008559,001,31/12/2020
001600190252,4073586271540,001,31/12/2020
001600190253,4881563648715,001,31/12/2020
001600190254,5455829594448,001,31/12/2020
001600190255,6812394381723,001,31/12/2020
001600190256,8298507772501,001,31/12/2020
001600190257,1939819052978,001,31/12/2020
001600190258,4219403297148,001,31/12/2020
001600190259,2198797626647,001,31/12/2020
001600190260,2345796709906,001,31/12/2020
001600190261,1396419618735,001,31/12/2020
001600190262,9219916458500,001,31/12/2020
001600190263,7773983765610,001,31/12/2020
001600190264,3101490251694,001,31/12/2020
001600190265,7106224911257,001,31/12/2020
001600190266,5062615382125,001,31/12/2020
001600190267,6117514137519,001,31/12/2020
001600190268,9612898139783,001,31/12/2020
001600190269,5939819106695,001,31/12/2020
001600190270,8265951890927,001,31/12/2020
001600190271,5420138130543,001,31/12/2020
001600190272,9341064061981,001,31/12/2020
001600190273,3692197253457,001,31/12/2020
001600190274,2551257723087,001,31/12/2020
001600190275,6584864257767,001,31/12/2020
001600190276,2500825271694,001,31/12/2020
001600190277,3663952350900,001,31/12/2020
001600190278,2687075649354,001,31/12/2020
001600190279,1246480169675,001,31/12/2020
001600190280,5576564969537,001,31/12/2020
001600190281,7433252318605,001,31/12/2020
001600190282,2225849473744,001,31/12/2020
001600190283,1046887159357,001,31/12/2020
001600190284,5286589768446,001,31/12/2020
001600190285,7339051367724,001,31/12/2020
001600190286,4942165517460,001,31/12/2020
001600190287,4190246877515,001,31/12/2020
001600190288,4887227245492,001,31/12/2020
001600190289,3627583920399,001,31/12/2020
001600190290,8271889916039,001,31/12/2020
001600190291,1687075580493,001,31/12/2020
001600190292,2160039357467,001,31/12/2020
001600190293,1186325213610,001,31/12/2020
001600190294,9202628633177,001,31/12/2020
001600190295,6112422585011,001,31/12/2020
001600190296,1094044105544,001,31/12/2020
001600190297,3241707849667,001,31/12/2020
001600190298,6396967640585,001,31/12/2020
001600190299,4626187704696,001,31/12/2020
001600190300,2928072341515,001,31/12/2020
001600190301,3665964094939,001,31/12/2020
001600190302,1626127742811,001,31/12/2020
001600190303,6104302810000,001,31/12/2020
001600190304,9549653474096,001,31/12/2020
001600190305,5346097618465,001,31/12/2020
001600190306,1579982805679,001,31/12/2020
001600190307,4136900409009,001,31/12/2020
001600190308,5270263193670,001,31/12/2020
001600190309,8751849427659,001,31/12/2020
001600190310,3751849444363,001,31/12/2020
001600190311,1922900905316,001,31/12/2020
001600190312,8014815389789,001,31/12/2020
001600190313,1695698818899,001,31/12/2020
001600190314,5031541549283,001,31/12/2020
001600190315,6215444718485,001,31/12/2020
001600190316,9125866831215,001,31/12/2020
001600190317,8357152759059,001,31/12/2020
001600190318,4079448832895,001,31/12/2020
001600190319,6663106816153,001,31/12/2020
001600190320,2175889202799,001,31/12/2020
001600190321,8403268948550,001,31/12/2020
001600190322,7613106268780,001,31/12/2020
001600190323,2719118134865,001,31/12/2020
001600190324,2650523747684,001,31/12/2020
001600190325,8438253934044,001,31/12/2020
001600190326,3656086197843,001,31/12/2020
001600190327,6616578777075,001,31/12/2020
001600190328,5998741246503,001,31/12/2020
001600190329,6489080832252,001,31/12/2020
001600190330,4096646035234,001,31/12/2020
001600190331,9981909337807,001,31/12/2020
001600190332,3337445788660,001,31/12/2020
001600190333,1359506447495,001,31/12/2020
001600190334,5435145507341,001,31/12/2020
001600190335,6349213311339,001,31/12/2020
001600190336,8843527330183,001,31/12/2020
001600190337,6362296777186,001,31/12/2020
001600190338,5622650786169,001,31/12/2020
001600190339,1712691210011,001,31/12/2020
001600190340,1103469681336,001,31/12/2020
001600190341,3317176889423,001,31/12/2020
001600190342,2818726866180,001,31/12/2020
001600190343,2110460604405,001,31/12/2020
001600190344,8110395368803,001,31/12/2020
001600190345,1420530735061,001,31/12/2020
001600190346,6227318826484,001,31/12/2020
001600190347,8348174374671,001,31/12/2020
001600190348,6215444639255,001,31/12/2020
001600190349,5983963638281,001,31/12/2020
001600190350,3991556224822,001,31/12/2020
001600190351,4335759014807,001,31/12/2020
001600190352,5976659733730,001,31/12/2020
001600190353,2795637129200,001,31/12/2020
001600190354,3392237143602,001,31/12/2020
001600190355,7949725440581,001,31/12/2020
001600190356,5972848654415,001,31/12/2020
001600190357,2774043223125,001,31/12/2020
001600190358,6886045822970,001,31/12/2020
001600190359,5854779264582,001,31/12/2020
001600190360,2224854501413,001,31/12/2020
001600190361,9919625319580,001,31/12/2020
001600190362,4794330386229,001,31/12/2020
001600190363,2542100659293,001,31/12/2020
001600190364,7721874290312,001,31/12/2020
001600190365,5936857783254,001,31/12/2020
001600190366,1290796854065,001,31/12/2020
001600190367,9634275876942,001,31/12/2020
001600190368,4050750934612,001,31/12/2020
001600190369,3500752413084,001,31/12/2020
001600190370,7870693300370,001,31/12/2020
001600190371,3683871457371,001,31/12/2020
001600190372,7875907844447,001,31/12/2020
001600190373,2368846999763,001,31/12/2020
001600190374,2047639992334,001,31/12/2020
001600190375,9629636934524,001,31/12/2020
001600190376,3580464887719,001,31/12/2020
001600190377,6711990281103,001,31/12/2020
001600190378,4961189641501,001,31/12/2020
001600190379,1688559868605,001,31/12/2020
001600190380,2208733387487,001,31/12/2020
001600190381,4335194887244,001,31/12/2020
001600190382,2818450274350,001,31/12/2020
001600190383,2585339520249,001,31/12/2020
001600190384,9301813884566,001,31/12/2020
001600190385,9395835624106,001,31/12/2020
001600190386,9652743980154,001,31/12/2020
001600190387,8530396777252,001,31/12/2020
001600190388,2204308818372,001,31/12/2020
001600190389,8547703175919,001,31/12/2020
001600190390,5774056068256,001,31/12/2020
001600190391,4649473983243,001,31/12/2020
001600190392,5077210110069,001,31/12/2020
001600190393,4962237182312,001,31/12/2020
001600190394,3801122001574,001,31/12/2020
001600190395,9025832122329,001,31/12/2020
001600190396,2983909364983,001,31/12/2020
001600190397,4689629095771,001,31/12/2020
001600190398,7386417990810,001,31/12/2020
001600190399,2846980205690,001,31/12/2020
001600190400,2321791398820,001,31/12/2020
001600190401,4068533190814,001,31/12/2020
001600190402,9904760477889,001,31/12/2020
001600190403,3776687194612,001,31/12/2020
001600190404,4256443204687,001,31/12/2020
001600190405,9200134562337,001,31/12/2020
001600190406,4837259048289,001,31/12/2020
001600190407,1167464652358,001,31/12/2020
001600190408,7809800412915,001,31/12/2020
001600190409,6273695477243,001,31/12/2020
001600190410,5817714849601,001,31/12/2020
001600190411,5155107776676,001,31/12/2020
001600190412,5177831574292,001,31/12/2020
001600190413,4161708859322,001,31/12/2020
001600190414,9903919655177,001,31/12/2020
001600190415,4481136326486,001,31/12/2020
001600190416,8780416520955,001,31/12/2020
001600190417,7128833452196,001,31/12/2020
001600190418,8210645111057,001,31/12/2020
001600190419,5342753017758,001,31/12/2020
001600190420,2912363661199,001,31/12/2020
001600190421,5791604571238,001,31/12/2020
001600190422,1460618328163,001,31/12/2020
001600190423,2430666429298,001,31/12/2020
001600190424,7104662638152,001,31/12/2020
001600190425,9719380092014,001,31/12/2020
001600190426,1880052978544,001,31/12/2020
001600190427,9650933081061,001,31/12/2020
001600190428,3635647861915,001,31/12/2020
001600190429,3355228338691,001,31/12/2020
001600190430,5785558815518,001,31/12/2020
001600190431,8173125207382,001,31/12/2020
001600190432,2061470013723,001,31/12/2020
001600190433,2015420080891,001,31/12/2020
001600190434,5558774177193,001,31/12/2020
001600190435,4112796852064,001,31/12/2020
001600190436,4459758356372,001,31/12/2020
001600190437,9920037388168,001,31/12/2020
001600190438,2616578717589,001,31/12/2020
001600190439,2832801138116,001,31/12/2020
001600190440,7933651321637,001,31/12/2020
001600190441,5859047799485,001,31/12/2020
001600190442,5980754173800,001,31/12/2020
001600190443,9402093206321,001,31/12/2020
001600190444,4864051472264,001,31/12/2020
001600190445,1088705454726,001,31/12/2020
001600190446,2877173133771,001,31/12/2020
001600190447,3845775436471,001,31/12/2020
001600190448,2228967619219,001,31/12/2020
001600190449,8447215422379,001,31/12/2020
001600190450,2586922492099,001,31/12/2020
001600190451,7318625465218,001,31/12/2020
001600190452,2462846073633,001,31/12/2020
001600190453,3991556197419,001,31/12/2020
001600190454,6066757850597,001,31/12/2020
001600190455,5495108043942,001,31/12/2020
001600190456,4637548779351,001,31/12/2020
001600190457,5681616479279,001,31/12/2020
001600190458,9641456219144,001,31/12/2020
001600190459,1095975140889,001,31/12/2020
001600190460,1257762206564,001,31/12/2020
001600190461,5656497888543,001,31/12/2020
001600190462,8929112281804,001,31/12/2020
001600190463,3736927092256,001,31/12/2020
001600190464,7762367266184,001,31/12/2020
001600190465,7107990705148,001,31/12/2020
001600190466,1129070483506,001,31/12/2020
001600190467,7376922023971,001,31/12/2020
001600190468,6720759613894,001,31/12/2020
001600190469,5276598848730,001,31/12/2020
001600190470,3613483691828,001,31/12/2020
001600190471,9083250885760,001,31/12/2020
001600190472,2438284752321,001,31/12/2020
001600190473,3177287564128,001,31/12/2020
001600190474,5895844083371,001,31/12/2020
001600190475,9394798026821,001,31/12/2020
001600190476,2894945571162,001,31/12/2020
001600190477,5652777963615,001,31/12/2020
001600190478,8101861422111,001,31/12/2020
001600190479,2362772891086,001,31/12/2020
001600190480,1322206920027,001,31/12/2020
001600190481,6264284570094,001,31/12/2020
001600190482,5171015436537,001,31/12/2020
001600190483,3501212050816,001,31/12/2020
001600190484,5633300570324,001,31/12/2020
001600190485,4985842014577,001,31/12/2020
001600190486,2590750203784,001,31/12/2020
001600190487,7169862565704,001,31/12/2020
001600190488,7870701738370,001,31/12/2020
001600190489,2258958883583,001,31/12/2020
001600190490,5621359792186,001,31/12/2020
001600190491,3805538927375,001,31/12/2020
001600190492,8941882772905,001,31/12/2020
001600190493,2943555114228,001,31/12/2020
001600190494,6987698026442,001,31/12/2020
001600190495,9211428472274,001,31/12/2020
001600190496,7412921959309,001,31/12/2020
001600190497,2528428600696,001,31/12/2020
001600190498,4830268221704,001,31/12/2020
001600190499,8343593984146,001,31/12/2020
001600190500,5835154791323,001,31/12/2020
001600190501,3201575964751,001,31/12/2020
001600190502,1818658828019,001,31/12/2020
001600190503,2342142853040,001,31/12/2020
001600190504,5208379518313,001,31/12/2020
001600190505,7734620477172,001,31/12/2020
001600190506,4452898244807,001,31/12/2020
001600190507,3945366470785,001,31/12/2020
001600190508,8315976554960,001,31/12/2020
001600190509,3073638352391,001,31/12/2020
001600190510,7438507986344,001,31/12/2020
001600190511,7749860790466,001,31/12/2020
001600190512,1544308069389,001,31/12/2020
001600190513,7500744098499,001,31/12/2020
001600190514,5895070098578,001,31/12/2020
001600190515,3745550587876,001,31/12/2020
001600190516,9244091055838,001,31/12/2020
001600190517,5533427029334,001,31/12/2020
001600190518,8481136251932,001,31/12/2020
001600190519,4558398716155,001,31/12/2020
001600190520,5667364846286,001,31/12/2020
001600190521,8812609788684,001,31/12/2020
001600190522,3634275847078,001,31/12/2020
001600190523,8164031710265,001,31/12/2020
001600190524,9656497899679,001,31/12/2020
001600190525,5395791499628,001,31/12/2020
001600190526,6932163830093,001,31/12/2020
001600190527,2278175787412,001,31/12/2020
001600190528,3177831526018,001,31/12/2020
001600190529,4905304137496,001,31/12/2020
001600190530,7162782046843,001,31/12/2020
001600190531,1629450458310,001,31/12/2020
001600190532,5489867618080,001,31/12/2020
001600190533,2259414721455,001,31/12/2020
001600190534,6650974214568,001,31/12/2020
001600190535,5361749921629,001,31/12/2020
001600190536,4689582875259,001,31/12/2020
001600190537,7395054545421,001,31/12/2020
001600190538,2542620501586,001,31/12/2020
001600190539,6904155714833,001,31/12/2020
001600190540,7790662820665,001,31/12/2020
001600190541,1229796153775,001,31/12/2020
001600190542,7428901188734,001,31/12/2020
001600190543,4542624666471,001,31/12/2020
001600190544,3766965920413,001,31/12/2020
001600190545,9705288366541,001,31/12/2020
001600190546,4711005501530,001,31/12/2020
001600190547,8026405504154,001,31/12/2020
001600190548,9460035602988,001,31/12/2020
001600190549,4125647006721,001,31/12/2020
001600190550,9416967720662,001,31/12/2020
001600190551,4460664446449,001,31/12/2020
001600190552,9734205668228,001,31/12/2020
001600190553,7965191448633,001,31/12/2020
001600190554,7077210176790,001,31/12/2020
001600190555,6321650768224,001,31/12/2020
001600190556,3019959575187,001,31/12/2020
001600190557,9310112467345,001,31/12/2020
001600190558,1994657136140,001,31/12/2020
001600190559,3910063293295,001,31/12/2020
001600190560,6946556661024,001,31/12/2020
001600190561,9142780927541,001,31/12/2020
001600190562,3692216913903,001,31/12/2020
001600190563,7187919626097,001,31/12/2020
001600190564,7335758936838,001,31/12/2020
001600190565,8487884729574,001,31/12/2020
001600190566,3041810639082,001,31/12/2020
001600190567,8383216278236,001,31/12/2020
001600190568,2790313845358,001,31/12/2020
001600190569,5655797019776,001,31/12/2020
001600190570,1169621020401,001,31/12/2020
001600190571,2213891555573,001,31/12/2020
001600190572,6107364584306,001,31/12/2020
001600190573,3409119706489,001,31/12/2020
001600190574,9708155293050,001,31/12/2020
001600190575,2862465731800,001,31/12/2020
001600190576,9522298804320,001,31/12/2020
001600190577,3945208738105,001,31/12/2020
001600190578,1576140766791,001,31/12/2020
001600190579,7248137955386,001,31/12/2020
001600190580,2511586718420,001,31/12/2020
001600190581,2956060637223,001,31/12/2020
001600190582,5741242868352,001,31/12/2020
001600190583,6543113430931,001,31/12/2020
001600190584,9675021167603,001,31/12/2020
001600190585,8846924855017,001,31/12/2020
001600190586,8423719885912,001,31/12/2020
001600190587,5363590732218,001,31/12/2020
001600190588,1794423017034,001,31/12/2020
001600190589,3260552121796,001,31/12/2020
001600190590,8432034690367,001,31/12/2020
001600190591,7522068524109,001,31/12/2020
001600190592,3661904922905,001,31/12/2020
001600190593,7879296278522,001,31/12/2020
001600190594,9726101777220,001,31/12/2020
001600190595,8177890669692,001,31/12/2020
001600190596,7554644323698,001,31/12/2020
001600190597,2453505595349,001,31/12/2020
001600190598,9359663948510,001,31/12/2020
001600190599,1159695296927,001,31/12/2020
001600190600,5636207528977,001,31/12/2020
001600190601,5933961531148,001,31/12/2020
001600190602,2354350281696,001,31/12/2020
001600190603,5278386320519,001,31/12/2020
001600190604,4734783638311,001,31/12/2020
001600190605,2646224245715,001,31/12/2020
001600190606,7208030205099,001,31/12/2020
001600190607,4905681603666,001,31/12/2020
001600190608,9432165654683,001,31/12/2020
001600190609,8295688817825,001,31/12/2020
001600190610,2551430318642,001,31/12/2020
001600190611,7716574581586,001,31/12/2020
001600190612,7886145668175,001,31/12/2020
001600190613,5169447199693,001,31/12/2020
001600190614,7251137524945,001,31/12/2020
001600190615,3643183810619,001,31/12/2020
001600190616,3844444965297,001,31/12/2020
001600190617,1709373489630,001,31/12/2020
001600190618,9717954593693,001,31/12/2020
001600190619,6573765818207,001,31/12/2020
001600190620,1929315183789,001,31/12/2020
001600190621,3535983798523,001,31/12/2020
001600190622,4481464554975,001,31/12/2020
001600190623,6468606579783,001,31/12/2020
001600190624,6993156769435,001,31/12/2020
001600190625,6482275414575,001,31/12/2020
001600190626,3070973891912,001,31/12/2020
001600190627,2571005570738,001,31/12/2020
001600190628,8816187580527,001,31/12/2020
001600190629,3833293530842,001,31/12/2020
001600190630,6333028466701,001,31/12/2020
001600190631,1879788364213,001,31/12/2020
001600190632,4831002588889,001,31/12/2020
001600190633,9057630434468,001,31/12/2020
001600190634,3913834690255,001,31/12/2020
001600190635,1050661210218,001,31/12/2020
001600190636,8636249354986,001,31/12/2020
001600190637,6730781864988,001,31/12/2020
001600190638,8347091897871,001,31/12/2020
001600190639,4894762384869,001,31/12/2020
001600190640,5327456436186,001,31/12/2020
001600190641,4455079448269,001,31/12/2020
001600190642,7205958758634,001,31/12/2020
001600190643,8761115262087,001,31/12/2020
001600190644,9091371487611,001,31/12/2020
001600190645,1438166118918,001,31/12/2020
001600190646,8956575771257,001,31/12/2020
001600190647,2713043639969,001,31/12/2020
001600190648,6546274552887,001,31/12/2020
001600190649,8926496652577,001,31/12/2020
001600190650,9910866041530,001,31/12/2020
001600190651,4127713532429,001,31/12/2020
001600190652,6343593960930,001,31/12/2020
001600190653,9699103995453,001,31/12/2020
001600190654,7085068682885,001,31/12/2020
001600190655,6789902820620,001,31/12/2020
001600190656,5001565168181,001,31/12/2020
001600190657,4804458870224,001,31/12/2020
001600190658,3025325306142,001,31/12/2020
001600190659,2062600105086,001,31/12/2020
001600190660,1327456399577,001,31/12/2020
001600190661,6686478803887,001,31/12/2020
001600190662,3140919421436,001,31/12/2020
001600190663,9983909358780,001,31/12/2020
001600190664,4746338726388,001,31/12/2020
001600190665,2841547297128,001,31/12/2020
001600190666,3862204537461,001,31/12/2020
001600190667,1496267775916,001,31/12/2020
001600190668,2664986259387,001,31/12/2020
001600190669,4636252580899,001,31/12/2020
001600190670,8128833463510,001,31/12/2020
001600190671,8611708675568,001,31/12/2020
001600190672,5200134543429,001,31/12/2020
001600190673,6315913294932,001,31/12/2020
001600190674,4810675381443,001,31/12/2020
001600190675,2965758761236,001,31/12/2020
001600190676,2587609175663,001,31/12/2020
001600190677,3844675586200,001,31/12/2020
001600190678,6619521795816,001,31/12/2020
001600190679,9838717519856,001,31/12/2020
001600190680,1718792429804,001,31/12/2020
001600190681,6102218640671,001,31/12/2020
001600190682,4024555537499,001,31/12/2020
001600190683,4907813229035,001,31/12/2020
001600190684,8502265987895,001,31/12/2020
001600190685,8643967124196,001,31/12/2020
001600190686,6771129560985,001,31/12/2020
001600190687,1402453140186,001,31/12/2020
001600190688,6395791491059,001,31/12/2020
001600190689,7570797798152,001,31/12/2020
001600190690,4831935625671,001,31/12/2020
001600190691,3868345658678,001,31/12/2020
001600190692,6558774194192,001,31/12/2020
001600190693,1754237983035,001,31/12/2020
001600190694,5885313160075,001,31/12/2020
001600190695,5363370822541,001,31/12/2020
001600190696,3499757228993,001,31/12/2020
001600190697,3522367589311,001,31/12/2020
001600190698,5681499366996,001,31/12/2020
001600190699,3603288807124,001,31/12/2020
001600190700,2932819818198,001,31/12/2020
001600190701,2529979827099,001,31/12/2020
001600190702,4620734613792,001,31/12/2020
001600190703,4616248178956,001,31/12/2020
001600190704,2607567181219,001,31/12/2020
001600190705,7609664452380,001,31/12/2020
001600190706,5185417236498,001,31/12/2020
001600190707,9235513233995,001,31/12/2020
001600190708,7822419615568,001,31/12/2020
001600190709,3040875675102,001,31/12/2020
001600190710,2232057263408,001,31/12/2020
001600190711,7499757224297,001,31/12/2020
001600190712,3094205918324,001,31/12/2020
001600190713,1740882275773,001,31/12/2020
001600190714,7342142793312,001,31/12/2020
001600190715,6116602414645,001,31/12/2020
001600190716,7435772163006,001,31/12/2020
001600190717,8504484765931,001,31/12/2020
001600190718,8825768798643,001,31/12/2020
001600190719,8455829585369,001,31/12/2020
001600190720,2696723707443,001,31/12/2020
001600190721,4065571221459,001,31/12/2020
001600190722,3079275141067,001,31/12/2020
001600190723,1920037367033,001,31/12/2020
001600190724,1282307134732,001,31/12/2020
001600190725,5991403360204,001,31/12/2020
001600190726,3618225734742,001,31/12/2020
001600190727,7529327697042,001,31/12/2020
001600190728,4159343132161,001,31/12/2020
001600190729,9808665086678,001,31/12/2020
001600190730,9137657811795,001,31/12/2020
001600190731,6432745818302,001,31/12/2020
001600190732,3665711337988,001,31/12/2020
001600190733,6649130051907,001,31/12/2020
001600190734,1673044594271,001,31/12/2020
001600190735,5604811904192,001,31/12/2020
001600190736,1985842016743,001,31/12/2020
001600190737,8500158272759,001,31/12/2020
001600190738,2412389044976,001,31/12/2020
001600190739,5571915861422,001,31/12/2020
001600190740,7832647636801,001,31/12/2020
001600190741,1338303311586,001,31/12/2020
001600190742,7895815759685,001,31/12/2020
001600190743,9581287773007,001,31/12/2020
001600190744,7086363145040,001,31/12/2020
001600190745,3958222193418,001,31/12/2020
001600190746,9224922868249,001,31/12/2020
001600190747,3635619336402,001,31/12/2020
001600190748,9174765713890,001,31/12/2020
001600190749,4013698230181,001,31/12/2020
001600190750,8817714806250,001,31/12/2020
001600190751,8325112159165,001,31/12/2020
001600190752,8706244895789,001,31/12/2020
001600190753,7110093466383,001,31/12/2020
001600190754,9113349869643,001,31/12/2020
001600190755,8435343230374,001,31/12/2020
001600190756,1099209191153,001,31/12/2020
001600190757,2765580106351,001,31/12/2020
001600190758,1777193837613,001,31/12/2020
001600190759,9965124891380,001,31/12/2020
001600190760,7874712198360,001,31/12/2020
001600190761,8834911093731,001,31/12/2020
001600190762,2879198928856,001,31/12/2020
001600190763,4550866307987,001,31/12/2020
001600190764,8039911021402,001,31/12/2020
001600190765,8422939156983,001,31/12/2020
001600190766,6252712769522,001,31/12/2020
001600190767,4336032962865,001,31/12/2020
001600190768,1410252556383,001,31/12/2020
001600190769,7505425647394,001,31/12/2020
001600190770,8491051867066,001,31/12/2020
001600190771,2893647279152,001,31/12/2020
001600190772,9183037014972,001,31/12/2020
001600190773,8482275401166,001,31/12/2020
001600190774,2105946139846,001,31/12/2020
001600190775,3096194649708,001,31/12/2020
001600190776,6816211130647,001,31/12/2020
001600190777,1301870416014,001,31/12/2020
001600190778,9377618717679,001,31/12/2020
001600190779,4019999665548,001,31/12/2020
001600190780,2649981297599,001,31/12/2020
001600190781,6587609139663,001,31/12/2020
001600190782,9214620528996,001,31/12/2020
001600190783,7259741985972,001,31/12/2020
001600190784,3111819895043,001,31/12/2020
001600190785,6652008055428,001,31/12/2020
001600190786,1271770168302,001,31/12/2020
001600190787,1009728656715,001,31/12/2020
001600190788,8501286492924,001,31/12/2020
001600190789,4176530100301,001,31/12/2020
001600190790,8644065250631,001,31/12/2020
001600190791,9817892634408,001,31/12/2020
001600190792,9433314270511,001,31/12/2020
001600190793,1116602474640,001,31/12/2020
001600190794,7113556077151,001,31/12/2020
001600190795,6475366234210,001,31/12/2020
001600190796,3653842129272,001,31/12/2020
001600190797,8347971612831,001,31/12/2020
001600190798,3259966967936,001,31/12/2020
001600190799,1965124898812,001,31/12/2020
001600190800,3015186175135,001,31/12/2020
001600190801,3711377387233,001,31/12/2020
001600190802,3274890684997,001,31/12/2020
001600190803,5861977460895,001,31/12/2020
001600190804,4506184913109,001,31/12/2020
001600190805,2993440394538,001,31/12/2020
001600190806,8818004529415,001,31/12/2020
001600190807,8475549487514,001,31/12/2020
001600190808,3627227146134,001,31/12/2020
001600190809,7333686762790,001,31/12/2020
001600190810,7685996583192,001,31/12/2020
001600190811,7625579582242,001,31/12/2020
001600190812,4749629369580,001,31/12/2020
001600190813,3455454089630,001,31/12/2020
001600190814,3588779106756,001,31/12/2020
001600190815,1932078448960,001,31/12/2020
001600190816,8751849443925,001,31/12/2020
001600190817,8648609614428,001,31/12/2020
001600190818,2695533650262,001,31/12/2020
001600190819,3219437385167,001,31/12/2020
001600190820,3826493943189,001,31/12/2020
001600190821,8392237132808,001,31/12/2020
001600190822,8089881981770,001,31/12/2020
001600190823,9235658655398,001,31/12/2020
001600190824,8687041360195,001,31/12/2020
001600190825,7629395551951,001,31/12/2020
001600190826,4814629643448,001,31/12/2020
001600190827,1831736260744,001,31/12/2020
001600190828,3293069968889,001,31/12/2020
001600190829,3817662306393,001,31/12/2020
001600190830,9084760252709,001,31/12/2020
001600190831,3099744966203,001,31/12/2020
001600190832,7860477666508,001,31/12/2020
001600190833,4695588813068,001,31/12/2020
001600190834,1116721782550,001,31/12/2020
001600190835,3051742369426,001,31/12/2020
001600190836,9451488119431,001,31/12/2020
001600190837,3487884660590,001,31/12/2020
001600190838,6370102744062,001,31/12/2020
001600190839,6122231973645,001,31/12/2020
001600190840,7002293527876,001,31/12/2020
001600190841,8397659348014,001,31/12/2020
001600190842,5226829316640,001,31/12/2020
001600190843,6362772945753,001,31/12/2020
001600190844,3998979063238,001,31/12/2020
001600190845,5822419520126,001,31/12/2020
001600190846,3837754406967,001,31/12/2020
001600190847,3618146384253,001,31/12/2020
001600190848,6420238146982,001,31/12/2020
001600190849,3912363714509,001,31/12/2020
001600190850,1103881799747,001,31/12/2020
001600190851,6549929829454,001,31/12/2020
001600190852,1295144941672,001,31/12/2020
001600190853,8024750656071,001,31/12/2020
001600190854,1576140711619,001,31/12/2020
001600190855,7500715807781,001,31/12/2020
001600190856,4902884329307,001,31/12/2020
001600190857,4704875207508,001,31/12/2020
001600190858,7461407227361,001,31/12/2020
001600190859,8996328243697,001,31/12/2020
001600190860,5236369454914,001,31/12/2020
001600190861,3649473907297,001,31/12/2020
001600190862,3965124929989,001,31/12/2020
001600190863,9110078789734,001,31/12/2020
001600190864,2406239878659,001,31/12/2020
001600190865,6313089266530,001,31/12/2020
001600190866,7683632087445,001,31/12/2020
001600190867,5397068816115,001,31/12/2020
001600190868,7703084606469,001,31/12/2020
001600190869,8036904133735,001,31/12/2020
001600190870,6633870758001,001,31/12/2020
001600190871,8900048424788,001,31/12/2020
001600190872,6381546470679,001,31/12/2020
001600190873,6802604280685,001,31/12/2020
001600190874,8045472038805,001,31/12/2020
001600190875,2744583280667,001,31/12/2020
001600190876,4035221408647,001,31/12/2020
001600190877,5805696118147,001,31/12/2020
001600190878,6012184776048,001,31/12/2020
001600190879,5881878351464,001,31/12/2020
001600190880,5352055529922,001,31/12/2020
001600190881,2643245822371,001,31/12/2020
001600190882,4160034589209,001,31/12/2020
001600190883,2943978417095,001,31/12/2020
001600190884,3179321451104,001,31/12/2020
001600190885,3612898128836,001,31/12/2020
001600190886,8832801113324,001,31/12/2020
001600190887,8841082993504,001,31/12/2020
001600190888,7841547367665,001,31/12/2020
001600190889,3430797334141,001,31/12/2020
001600190890,9878870333660,001,31/12/2020
001600190891,4476339971094,001,31/12/2020
001600190892,3618796608664,001,31/12/2020
001600190893,3862465818272,001,31/12/2020
001600190894,7083450611853,001,31/12/2020
001600190895,4572760574241,001,31/12/2020
001600190896,8125647068605,001,31/12/2020
001600190897,3979646995181,001,31/12/2020
001600190898,9943315135925,001,31/12/2020
001600190899,6592544242749,001,31/12/2020
001600190900,1600314892879,001,31/12/2020
001600190901,5232788305932,001,31/12/2020
001600190902,5122873025761,001,31/12/2020
001600190903,2248658070676,001,31/12/2020
001600190904,8043311264899,001,31/12/2020
001600190905,3984355930513,001,31/12/2020
001600190906,1579982726329,001,31/12/2020
001600190907,5859275282085,001,31/12/2020
001600190908,2681499386091,001,31/12/2020
001600190909,4220267397768,001,31/12/2020
001600190910,8259742004540,001,31/12/2020
001600190911,1746912595749,001,31/12/2020
001600190912,3181046311422,001,31/12/2020
001600190913,3920409454918,001,31/12/2020
001600190914,7506209025137,001,31/12/2020
001600190915,4618225751832,001,31/12/2020
001600190916,5759831752708,001,31/12/2020
001600190917,5391217799133,001,31/12/2020
001600190918,9983987718636,001,31/12/2020
001600190919,5802604331076,001,31/12/2020
001600190920,2746203377396,001,31/12/2020
001600190921,8972967055292,001,31/12/2020
001600190922,6832801123650,001,31/12/2020
001600190923,7550866341833,001,31/12/2020
001600190924,9674302337408,001,31/12/2020
001600190925,5661904932286,001,31/12/2020
001600190926,5003163003375,001,31/12/2020
001600190927,3563581809041,001,31/12/2020
001600190928,6046909775480,001,31/12/2020
001600190929,8110493300713,001,31/12/2020
001600190930,3174765704411,001,31/12/2020
001600190931,3278670769723,001,31/12/2020
001600190932,4441441028955,001,31/12/2020
001600190933,1305625218295,001,31/12/2020
001600190934,7864051528251,001,31/12/2020
001600190935,3703503188416,001,31/12/2020
001600190936,9368112673677,001,31/12/2020
001600190937,2081341896815,001,31/12/2020
001600190938,3504484863883,001,31/12/2020
001600190939,6465761816147,001,31/12/2020
001600190940,4980603112531,001,31/12/2020
001600190941,6994760589439,001,31/12/2020
001600190942,3988637567321,001,31/12/2020
001600190943,4102732899204,001,31/12/2020
001600190944,2985695478454,001,31/12/2020
001600190945,2759261817451,001,31/12/2020
001600190946,6844529632438,001,31/12/2020
001600190947,9526505167792,001,31/12/2020
001600190948,8133545058258,001,31/12/2020
001600190949,3038539757700,001,31/12/2020
001600190950,7433049270184,001,31/12/2020
001600190951,8703931234412,001,31/12/2020
001600190952,3699450486325,001,31/12/2020
001600190953,6615007233704,001,31/12/2020
001600190954,7370889945543,001,31/12/2020
001600190955,1257420451737,001,31/12/2020
001600190956,3240112044686,001,31/12/2020
001600190957,6681150893206,001,31/12/2020
001600190958,2162765030644,001,31/12/2020
001600190959,3278049998088,001,31/12/2020
001600190960,6301462995009,001,31/12/2020
001600190961,6909203660955,001,31/12/2020
001600190962,4682651199340,001,31/12/2020
001600190963,7564888028582,001,31/12/2020
001600190964,6913548115730,001,31/12/2020
001600190965,5287949894363,001,31/12/2020
001600190966,2940837647824,001,31/12/2020
001600190967,5686600959017,001,31/12/2020
001600190968,9432777480359,001,31/12/2020
001600190969,1063407127631,001,31/12/2020
001600190970,1187797569424,001,31/12/2020
001600190971,8034938396429,001,31/12/2020
001600190972,2871956622877,001,31/12/2020
001600190973,5093201850779,001,31/12/2020
001600190974,2818636754352,001,31/12/2020
001600190975,3712327809152,001,31/12/2020
001600190976,8008942276509,001,31/12/2020
001600190977,8935192611331,001,31/12/2020
001600190978,5979904492653,001,31/12/2020
001600190979,3594144565205,001,31/12/2020
001600190980,2094044135673,001,31/12/2020
001600190981,6328053505458,001,31/12/2020
001600190982,8739737806544,001,31/12/2020
001600190983,5200424749794,001,31/12/2020
001600190984,4790228124815,001,31/12/2020
001600190985,1385315437131,001,31/12/2020
001600190986,4393836420599,001,31/12/2020
001600190987,4157045573615,001,31/12/2020
001600190988,3988474175771,001,31/12/2020
001600190989,1843914791450,001,31/12/2020
001600190990,9156927420147,001,31/12/2020
001600190991,3907813197826,001,31/12/2020
001600190992,6812394398956,001,31/12/2020
001600190993,6754783968287,001,31/12/2020
001600190994,3726781915910,001,31/12/2020
001600190995,1452997206556,001,31/12/2020
001600190996,3986462313091,001,31/12/2020
001600190997,8699103997967,001,31/12/2020
001600190998,1031298847564,001,31/12/2020
001600190999,9862823081897,001,31/12/2020
001600191000,8377528442608,001,31/12/2020
001600191001,6169447175799,001,31/12/2020
001600191002,8928084796007,001,31/12/2020
001600191003,9449198013404,001,31/12/2020
001600191004,3259966612687,001,31/12/2020
001600191005,2175440584598,001,31/12/2020
001600191006,3312674328039,001,31/12/2020
001600191007,2242861411110,001,31/12/2020
001600191008,8248658042100,001,31/12/2020
001600191009,8389936577566,001,31/12/2020
001600191010,7992605356604,001,31/12/2020
001600191011,1144924559995,001,31/12/2020
001600191012,3753181642622,001,31/12/2020
001600191013,9804458894147,001,31/12/2020
001600191014,8581908370179,001,31/12/2020
001600191015,3089395462279,001,31/12/2020
001600191016,1261671921194,001,31/12/2020
001600191017,7604754650240,001,31/12/2020
001600191018,1262657723248,001,31/12/2020
001600191019,6155107850237,001,31/12/2020
001600191020,9012184762304,001,31/12/2020
001600191021,3102210158134,001,31/12/2020
001600191022,1305914128520,001,31/12/2020
001600191023,9849095663226,001,31/12/2020
001600191024,3865949317138,001,31/12/2020
001600191025,7547440708988,001,31/12/2020
001600191026,2217546722028,001,31/12/2020
001600191027,8878831899968,001,31/12/2020
001600191028,3264853514315,001,31/12/2020
001600191029,2747403969314,001,31/12/2020
001600191030,5989495656556,001,31/12/2020
001600191031,6755842028334,001,31/12/2020
001600191032,7865949399158,001,31/12/2020
001600191033,8724599756981,001,31/12/2020
001600191034,6562101599730,001,31/12/2020
001600191035,2981909385231,001,31/12/2020
001600191036,8133944441885,001,31/12/2020
001600191037,6522646900386,001,31/12/2020
001600191038,5775317910170,001,31/12/2020
001600191039,7023972510577,001,31/12/2020
001600191040,6416479523341,001,31/12/2020
001600191041,9670744431427,001,31/12/2020
001600191042,8079477123088,001,31/12/2020
001600191043,8651578599645,001,31/12/2020
001600191044,9675270554552,001,31/12/2020
001600191045,2186794739860,001,31/12/2020
001600191046,2878631830953,001,31/12/2020
001600191047,2581291974151,001,31/12/2020
001600191048,2690830981682,001,31/12/2020
001600191049,7160039349029,001,31/12/2020
001600191050,1285263919102,001,31/12/2020
001600191051,9100362847899,001,31/12/2020
001600191052,3463691190223,001,31/12/2020
001600191053,6294647991760,001,31/12/2020
001600191054,5565050272962,001,31/12/2020
001600191055,4097576912386,001,31/12/2020
001600191056,4611322254224,001,31/12/2020
001600191057,6816109415308,001,31/12/2020
001600191058,7692197303082,001,31/12/2020
001600191059,6785558814044,001,31/12/2020
001600191060,2636207472994,001,31/12/2020
001600191061,5002223402618,001,31/12/2020
001600191062,8415354746936,001,31/12/2020
001600191063,1008942296260,001,31/12/2020
001600191064,4635227565816,001,31/12/2020
001600191065,2065571244332,001,31/12/2020
001600191066,1669318502795,001,31/12/2020
001600191067,9896884248818,001,31/12/2020
001600191068,4879198856693,001,31/12/2020
001600191069,6025194299337,001,31/12/2020
001600191070,1584864224954,001,31/12/2020
001600191071,9823111235916,001,31/12/2020
001600191072,7359200768967,001,31/12/2020
001600191073,2976561969216,001,31/12/2020
001600191074,7705711560169,001,31/12/2020
001600191075,7235068185917,001,31/12/2020
001600191076,8196165136187,001,31/12/2020
001600191077,7454080780964,001,31/12/2020
001600191078,5310874333817,001,31/12/2020
001600191079,9268196818792,001,31/12/2020
001600191080,6873995439812,001,31/12/2020
001600191081,2347486539491,001,31/12/2020
001600191082,6655391195589,001,31/12/2020
001600191083,7737070739241,001,31/12/2020
001600191084,6843030266648,001,31/12/2020
001600191085,2041826365584,001,31/12/2020
001600191086,2103280062286,001,31/12/2020
001600191087,6921271596184,001,31/12/2020
001600191088,4639850645601,001,31/12/2020
001600191089,4847227538480,001,31/12/2020
001600191090,7467302918016,001,31/12/2020
001600191091,7518349865890,001,31/12/2020
001600191092,2559145097027,001,31/12/2020
001600191093,1487154179974,001,31/12/2020
001600191094,1229891755860,001,31/12/2020
001600191095,4962874116545,001,31/12/2020
001600191096,6583349222433,001,31/12/2020
001600191097,9107902222059,001,31/12/2020
001600191098,3549011565048,001,31/12/2020
001600191099,9079477087211,001,31/12/2020
001600191100,2035107491444,001,31/12/2020
001600191101,3662698523567,001,31/12/2020
001600191102,8533999031506,001,31/12/2020
001600191103,6432165699037,001,31/12/2020
001600191104,9234821116806,001,31/12/2020
001600191105,5657352050677,001,31/12/2020
001600191106,7705054783203,001,31/12/2020
001600191107,7152117196652,001,31/12/2020
001600191108,8748347929311,001,31/12/2020
001600191109,9695588862509,001,31/12/2020
001600191110,5940626303684,001,31/12/2020
001600191111,2848073116269,001,31/12/2020
001600191112,5711524597412,001,31/12/2020
001600191113,8409643781330,001,31/12/2020
001600191114,5007360370520,001,31/12/2020
001600191115,5164222335927,001,31/12/2020
001600191116,7082090325234,001,31/12/2020
001600191117,5318344649179,001,31/12/2020
001600191118,2845394315981,001,31/12/2020
001600191119,2559352668686,001,31/12/2020
001600191120,4697454088738,001,31/12/2020
001600191121,4559009200452,001,31/12/2020
001600191122,1155212709070,001,31/12/2020
001600191123,7671806414034,001,31/12/2020
001600191124,2109999735921,001,31/12/2020
001600191125,2761231915500,001,31/12/2020
001600191126,1561575568011,001,31/12/2020
001600191127,2431856760342,001,31/12/2020
001600191128,2540494938335,001,31/12/2020
001600191129,1562374549846,001,31/12/2020
001600191130,2814023480004,001,31/12/2020
001600191131,2009728737134,001,31/12/2020
001600191132,3209010360207,001,31/12/2020
001600191133,8839426748638,001,31/12/2020
001600191134,2693405678350,001,31/12/2020
001600191135,9335323038675,001,31/12/2020
001600191136,6962226241311,001,31/12/2020
001600191137,4131008612498,001,31/12/2020
001600191138,1920876036207,001,31/12/2020
001600191139,6394607193088,001,31/12/2020
001600191140,4025832128476,001,31/12/2020
001600191141,9144707309263,001,31/12/2020
001600191142,1278164358466,001,31/12/2020
001600191143,7787420429828,001,31/12/2020
001600191144,9984130504165,001,31/12/2020
001600191145,4928121664522,001,31/12/2020
001600191146,1457228478084,001,31/12/2020
001600191147,6135939680733,001,31/12/2020
001600191148,3432745850320,001,31/12/2020
001600191149,1173125218345,001,31/12/2020
001600191150,6485683907245,001,31/12/2020
001600191151,3594523746073,001,31/12/2020
001600191152,7695811419273,001,31/12/2020
001600191153,2878779275581,001,31/12/2020
001600191154,8687695505763,001,31/12/2020
001600191155,8327419648292,001,31/12/2020
001600191156,9910866102053,001,31/12/2020
001600191157,7103881817222,001,31/12/2020
001600191158,5610573026582,001,31/12/2020
001600191159,6493361892988,001,31/12/2020
001600191160,9565050316073,001,31/12/2020
001600191161,2385315431929,001,31/12/2020
001600191162,7430131780640,001,31/12/2020
001600191163,1635647910635,001,31/12/2020
001600191164,1486480984837,001,31/12/2020
001600191165,6473527465956,001,31/12/2020
001600191166,7113556103474,001,31/12/2020
001600191167,8275747468257,001,31/12/2020
001600191168,5838391225220,001,31/12/2020
001600191169,4455205023215,001,31/12/2020
001600191170,9973101823886,001,31/12/2020
001600191171,4662242185965,001,31/12/2020
001600191172,2205554212913,001,31/12/2020
001600191173,8029915424303,001,31/12/2020
001600191174,5972354030218,001,31/12/2020
001600191175,1841838931446,001,31/12/2020
001600191176,9060300297930,001,31/12/2020
001600191177,1948015452899,001,31/12/2020
001600191178,7422976012584,001,31/12/2020
001600191179,8024289286149,001,31/12/2020
001600191180,2359840604068,001,31/12/2020
001600191181,6391328424914,001,31/12/2020
001600191182,5759913375586,001,31/12/2020
001600191183,6426449215584,001,31/12/2020
001600191184,9756824887233,001,31/12/2020
001600191185,1626226736956,001,31/12/2020
001600191186,5285263952274,001,31/12/2020
001600191187,1868246388184,001,31/12/2020
001600191188,1518453861359,001,31/12/2020
001600191189,7271690527801,001,31/12/2020
001600191190,9163015928267,001,31/12/2020
001600191191,9153089056882,001,31/12/2020
001600191192,4815727927027,001,31/12/2020
001600191193,3533999031455,001,31/12/2020
001600191194,5494275357367,001,31/12/2020
001600191195,4581406346111,001,31/12/2020
001600191196,7753868128672,001,31/12/2020
001600191197,6707040029152,001,31/12/2020
001600191198,3515043655463,001,31/12/2020
001600191199,1724206279326,001,31/12/2020
001600191200,7237650082586,001,31/12/2020
001600191201,3664571173074,001,31/12/2020
001600191202,3967137871974,001,31/12/2020
001600191203,5027735596694,001,31/12/2020
001600191204,5913834749182,001,31/12/2020
001600191205,3782525868174,001,31/12/2020
001600191206,5902334219921,001,31/12/2020
001600191207,2854580516963,001,31/12/2020
001600191208,4995842060127,001,31/12/2020
001600191209,8352377946270,001,31/12/2020
001600191210,5014637521521,001,31/12/2020
001600191211,4415354778096,001,31/12/2020
001600191212,9648131956028,001,31/12/2020
001600191213,6217546714927,001,31/12/2020
001600191214,7817822817938,001,31/12/2020
001600191215,4821045238214,001,31/12/2020
001600191216,2257529934895,001,31/12/2020
001600191217,8089244538745,001,31/12/2020
001600191218,7912744882670,001,31/12/2020
001600191219,3373438313466,001,31/12/2020
001600191220,8008882503896,001,31/12/2020
001600191221,6079551892405,001,31/12/2020
001600191222,2801260871981,001,31/12/2020
001600191223,2142342964079,001,31/12/2020
001600191224,6370868821741,001,31/12/2020
001600191225,3865412270574,001,31/12/2020
001600191226,8152950456298,001,31/12/2020
001600191227,3121537342853,001,31/12/2020
001600191228,8761231870936,001,31/12/2020
001600191229,3420400480405,001,31/12/2020
001600191230,9659197035398,001,31/12/2020
001600191231,1365106541639,001,31/12/2020
001600191232,4933651295366,001,31/12/2020
001600191233,3347103283264,001,31/12/2020
001600191234,8291730721427,001,31/12/2020
001600191235,4930928277919,001,31/12/2020
001600191236,9877503349627,001,31/12/2020
001600191237,7175366382777,001,31/12/2020
001600191238,1261671946289,001,31/12/2020
001600191239,9929112282037,001,31/12/2020
001600191240,4434226173478,001,31/12/2020
001600191241,1628776553702,001,31/12/2020
001600191242,6286589737144,001,31/12/2020
001600191243,2892536101020,001,31/12/2020
001600191244,2853508858263,001,31/12/2020
001600191245,1932817872150,001,31/12/2020
001600191246,9956699493298,001,31/12/2020
001600191247,3576044642251,001,31/12/2020
001600191248,1433049334207,001,31/12/2020
001600191249,9439394732847,001,31/12/2020
001600191250,6061612379628,001,31/12/2020
001600191251,4121936778611,001,31/12/2020
001600191252,5554644310352,001,31/12/2020
001600191253,3091056467456,001,31/12/2020
001600191254,2886045811067,001,31/12/2020
001600191255,2028631087573,001,31/12/2020
001600191256,9319414896568,001,31/12/2020
001600191257,9538134813405,001,31/12/2020
001600191258,3271211297305,001,31/12/2020
001600191259,7325734835095,001,31/12/2020
001600191260,7316183633217,001,31/12/2020
001600191261,3142582209825,001,31/12/2020
001600191262,7559078345578,001,31/12/2020
001600191263,4390073573942,001,31/12/2020
001600191264,9436277372437,001,31/12/2020
001600191265,8407069471505,001,31/12/2020
001600191266,6995163065883,001,31/12/2020
001600191267,3438284675805,001,31/12/2020
001600191268,9546004575037,001,31/12/2020
001600191269,8099641477579,001,31/12/2020
001600191270,7419259198769,001,31/12/2020
001600191271,1157045654817,001,31/12/2020
001600191272,5800188763087,001,31/12/2020
001600191273,7709815343078,001,31/12/2020
001600191274,8697631764688,001,31/12/2020
001600191275,3928384752795,001,31/12/2020
001600191276,1506631563889,001,31/12/2020
001600191277,1037216618469,001,31/12/2020
001600191278,4180086028924,001,31/12/2020
001600191279,9192652722396,001,31/12/2020
001600191280,3073975896875,001,31/12/2020
001600191281,5620783305093,001,31/12/2020
001600191282,5181053736584,001,31/12/2020
001600191283,1222055279032,001,31/12/2020
001600191284,3582226514220,001,31/12/2020
001600191285,2567951616060,001,31/12/2020
001600191286,4415274091506,001,31/12/2020
001600191287,2874542863164,001,31/12/2020
001600191288,5885313228234,001,31/12/2020
001600191289,9159689540133,001,31/12/2020
001600191290,5744933184549,001,31/12/2020
001600191291,2420400503367,001,31/12/2020
001600191292,2850819615961,001,31/12/2020
001600191293,1241990962184,001,31/12/2020
001600191294,9739714939812,001,31/12/2020
001600191295,1774056050053,001,31/12/2020
001600191296,1583074272631,001,31/12/2020
001600191297,9494275299373,001,31/12/2020
001600191298,6646224231893,001,31/12/2020
001600191299,7007360353247,001,31/12/2020
001600191300,4600044263171,001,31/12/2020
001600191301,6664571232742,001,31/12/2020
001600191302,5070285816751,001,31/12/2020
001600191303,1123141012938,001,31/12/2020
001600191304,4213579441201,001,31/12/2020
001600191305,3403064274668,001,31/12/2020
001600191306,8687785541555,001,31/12/2020
001600191307,2641441224105,001,31/12/2020
001600191308,3026783622435,001,31/12/2020
001600191309,2299493121025,001,31/12/2020
001600191310,5854714269208,001,31/12/2020
001600191311,9889814823315,001,31/12/2020
001600191312,9816211160898,001,31/12/2020
001600191313,7312222522295,001,31/12/2020
001600191314,1278523006739,001,31/12/2020
001600191315,3152117259796,001,31/12/2020
001600191316,9872645636191,001,31/12/2020
001600191317,5337690701490,001,31/12/2020
001600191318,3204948034145,001,31/12/2020
001600191319,6827191464785,001,31/12/2020
001600191320,4101623010874,001,31/12/2020
001600191321,4837259039298,001,31/12/2020
001600191322,1770567975799,001,31/12/2020
001600191323,4430299577540,001,31/12/2020
001600191324,3837789414200,001,31/12/2020
001600191325,7357081973080,001,31/12/2020
001600191326,6187024416248,001,31/12/2020
001600191327,2684822153994,001,31/12/2020
001600191328,1301463007484,001,31/12/2020
001600191329,7374605093968,001,31/12/2020
001600191330,5039004327312,001,31/12/2020
001600191331,8431856814134,001,31/12/2020
001600191332,8820841361186,001,31/12/2020
001600191333,4694083976809,001,31/12/2020
001600191334,5417390798386,001,31/12/2020
001600191335,3502382077579,001,31/12/2020
001600191336,1413986662250,001,31/12/2020
001600191337,4454080822689,001,31/12/2020
001600191338,1836861849128,001,31/12/2020
001600191339,2456967244619,001,31/12/2020
001600191340,5323087827731,001,31/12/2020
001600191341,7456749962028,001,31/12/2020
001600191342,5492592432048,001,31/12/2020
001600191343,8183643990478,001,31/12/2020
001600191344,3796922403556,001,31/12/2020
001600191345,1137871105588,001,31/12/2020
001600191346,9219570483740,001,31/12/2020
001600191347,2739618880243,001,31/12/2020
001600191348,6980416848175,001,31/12/2020
001600191349,4497662719161,001,31/12/2020
001600191350,1472019760710,001,31/12/2020
001600191351,8104710987724,001,31/12/2020
001600191352,5805148528148,001,31/12/2020
001600191353,8240189095048,001,31/12/2020
001600191354,6185799740320,001,31/12/2020
001600191355,4689307700267,001,31/12/2020
001600191356,6497970146890,001,31/12/2020
001600191357,5220543543849,001,31/12/2020
001600191358,2940940425195,001,31/12/2020
001600191359,6082498032658,001,31/12/2020
001600191360,5325938548555,001,31/12/2020
001600191361,2830476090216,001,31/12/2020
001600191362,3632428067254,001,31/12/2020
001600191363,4086251432244,001,31/12/2020
001600191364,2608473897927,001,31/12/2020
001600191365,6774169266841,001,31/12/2020
001600191366,2942229296907,001,31/12/2020
001600191367,9179669690074,001,31/12/2020
001600191368,3411920149981,001,31/12/2020
001600191369,5953396779989,001,31/12/2020
001600191370,2023825000864,001,31/12/2020
001600191371,5116721831123,001,31/12/2020
001600191372,1442723819044,001,31/12/2020
001600191373,4536356680487,001,31/12/2020
001600191374,6406577189226,001,31/12/2020
001600191375,8200201524593,001,31/12/2020
001600191376,6309927687170,001,31/12/2020
001600191377,2261346586002,001,31/12/2020
001600191378,6092063135454,001,31/12/2020
001600191379,3416898896606,001,31/12/2020
001600191380,9155180329920,001,31/12/2020
001600191381,3981694112133,001,31/12/2020
001600191382,1749629360128,001,31/12/2020
001600191383,6373669338620,001,31/12/2020
001600191384,3722582233866,001,31/12/2020
001600191385,2996328290100,001,31/12/2020
001600191386,9622014557141,001,31/12/2020
001600191387,1286448760401,001,31/12/2020
001600191388,1837258993888,001,31/12/2020
001600191389,7658897502388,001,31/12/2020
001600191390,8163270709951,001,31/12/2020
001600191391,9871410961912,001,31/12/2020
001600191392,7320893005937,001,31/12/2020
001600191393,2484265846457,001,31/12/2020
001600191394,5614542682722,001,31/12/2020
001600191395,9625225960228,001,31/12/2020
001600191396,5012184757619,001,31/12/2020
001600191397,5143307257675,001,31/12/2020
001600191398,7543811700515,001,31/12/2020
001600191399,1290796820600,001,31/12/2020
001600191400,2207669445754,001,31/12/2020
001600191401,5596217412711,001,31/12/2020
001600191402,6687202485545,001,31/12/2020
001600191403,8865949323608,001,31/12/2020
001600191404,3011426519053,001,31/12/2020
001600191405,6461407262800,001,31/12/2020
001600191406,9064449405647,001,31/12/2020
001600191407,6467302876536,001,31/12/2020
001600191408,5874691222626,001,31/12/2020
001600191409,2122463014417,001,31/12/2020
001600191410,2740265139622,001,31/12/2020
001600191411,5705389883530,001,31/12/2020
001600191412,7713043549805,001,31/12/2020
001600191413,1310756292518,001,31/12/2020
001600191414,7576891355978,001,31/12/2020
001600191415,3989495689364,001,31/12/2020
001600191416,2600068887994,001,31/12/2020
001600191417,6451488145128,001,31/12/2020
001600191418,8204459700198,001,31/12/2020
001600191419,6581247120721,001,31/12/2020
001600191420,9705206538963,001,31/12/2020
001600191421,8985695463911,001,31/12/2020
001600191422,2164464078046,001,31/12/2020
001600191423,1328473485138,001,31/12/2020
001600191424,8498623503342,001,31/12/2020
001600191425,9615007201722,001,31/12/2020
001600191426,6622509096757,001,31/12/2020
001600191427,5618947977835,001,31/12/2020
001600191428,6656650500924,001,31/12/2020
001600191429,9437420067723,001,31/12/2020
001600191430,4050002781415,001,31/12/2020
001600191431,2637858537277,001,31/12/2020
001600191432,2830726824454,001,31/12/2020
001600191433,4674323060630,001,31/12/2020
001600191434,4541109848571,001,31/12/2020
001600191435,9566920304277,001,31/12/2020
001600191436,1024134247437,001,31/12/2020
001600191437,3825504170661,001,31/12/2020
001600191438,6629027372345,001,31/12/2020
001600191439,5693420933017,001,31/12/2020
001600191440,2942229298997,001,31/12/2020
001600191441,7328053549270,001,31/12/2020
001600191442,4466085758582,001,31/12/2020
001600191443,2270026381348,001,31/12/2020
001600191444,7410118400064,001,31/12/2020
001600191445,7323182958596,001,31/12/2020
001600191446,8633785574829,001,31/12/2020
001600191447,2780029498574,001,31/12/2020
001600191448,5326458162439,001,31/12/2020
001600191449,2680795592892,001,31/12/2020
001600191450,4664070610448,001,31/12/2020
001600191451,3993156849615,001,31/12/2020
001600191452,6181348849899,001,31/12/2020
001600191453,9716127080732,001,31/12/2020
001600191454,4756817124650,001,31/12/2020
001600191455,3152950415760,001,31/12/2020
001600191456,6372089153090,001,31/12/2020
001600191457,3901532492872,001,31/12/2020
001600191458,7860865382923,001,31/12/2020
001600191459,9669024253136,001,31/12/2020
001600191460,4160681482478,001,31/12/2020
001600191461,7039526204150,001,31/12/2020
001600191462,6175889213066,001,31/12/2020
001600191463,7214050421724,001,31/12/2020
001600191464,5460664534360,001,31/12/2020
001600191465,9446197361214,001,31/12/2020
001600191466,8450559963017,001,31/12/2020
001600191467,9203374433640,001,31/12/2020
001600191468,5580464916199,001,31/12/2020
001600191469,8430429747475,001,31/12/2020
001600191470,7126953083600,001,31/12/2020
001600191471,6792101187107,001,31/12/2020
001600191472,7872240296003,001,31/12/2020
001600191473,6012921159625,001,31/12/2020
001600191474,7042141117321,001,31/12/2020
001600191475,5838967080431,001,31/12/2020
001600191476,3644474576861,001,31/12/2020
001600191477,4626699279723,001,31/12/2020
001600191478,8131383775351,001,31/12/2020
001600191479,1650523760474,001,31/12/2020
001600191480,3702877705039,001,31/12/2020
001600191481,7650731167921,001,31/12/2020
001600191482,8022595658552,001,31/12/2020
001600191483,7421271263841,001,31/12/2020
001600191484,4716127054171,001,31/12/2020
001600191485,5259729729707,001,31/12/2020
001600191486,9801371357546,001,31/12/2020
001600191487,4201607950015,001,31/12/2020
001600191488,9762683840363,001,31/12/2020
001600191489,7981168313678,001,31/12/2020
001600191490,1495310852491,001,31/12/2020
001600191491,5705206494990,001,31/12/2020
001600191492,5276598886028,001,31/12/2020
001600191493,2983987773458,001,31/12/2020
001600191494,8253895213965,001,31/12/2020
001600191495,4563581832277,001,31/12/2020
001600191496,6264631201696,001,31/12/2020
001600191497,7441264928676,001,31/12/2020
001600191498,9817729918726,001,31/12/2020
001600191499,9156312036816,001,31/12/2020
001600191500,5019999707534,001,31/12/2020
001600191501,5717417482331,001,31/12/2020
001600191502,4732628139058,001,31/12/2020
001600191503,5553287226914,001,31/12/2020
001600191504,3080144049979,001,31/12/2020
001600191505,9866968141137,001,31/12/2020
001600191506,6655643884201,001,31/12/2020
001600191507,1721874342631,001,31/12/2020
001600191508,4465673560945,001,31/12/2020
001600191509,6436378879468,001,31/12/2020
001600191510,3920940509549,001,31/12/2020
001600191511,5543787462367,001,31/12/2020
001600191512,2699968634447,001,31/12/2020
001600191513,2320503654987,001,31/12/2020
001600191514,8110078799285,001,31/12/2020
001600191515,8935153525290,001,31/12/2020
001600191516,4446710749885,001,31/12/2020
001600191517,2200201538578,001,31/12/2020
001600191518,3988799008384,001,31/12/2020
001600191519,4461203295817,001,31/12/2020
001600191520,2414770591430,001,31/12/2020
001600191521,3150499174317,001,31/12/2020
001600191522,1063480824560,001,31/12/2020
001600191523,2038412597094,001,31/12/2020
001600191524,7016926821500,001,31/12/2020
001600191525,4322412333098,001,31/12/2020
001600191526,1720643412226,001,31/12/2020
001600191527,9347576628327,001,31/12/2020
001600191528,9473518617598,001,31/12/2020
001600191529,8448667080997,001,31/12/2020
001600191530,1831531070260,001,31/12/2020
001600191531,8673610197604,001,31/12/2020
001600191532,1574695580290,001,31/12/2020
001600191533,4625161920087,001,31/12/2020
001600191534,2198508975182,001,31/12/2020
001600191535,5229891764174,001,31/12/2020
001600191536,3793512828633,001,31/12/2020
001600191537,2097644154637,001,31/12/2020
001600191538,2925384851948,001,31/12/2020
001600191539,6026783634275,001,31/12/2020
001600191540,4682838488314,001,31/12/2020
001600191541,5288588638918,001,31/12/2020
001600191542,4392666479829,001,31/12/2020
001600191543,7565989096596,001,31/12/2020
001600191544,8703715528806,001,31/12/2020
001600191545,6630383491310,001,31/12/2020
001600191546,1642244329072,001,31/12/2020
001600191547,2084342492203,001,31/12/2020
001600191548,4892747714231,001,31/12/2020
001600191549,1078654869691,001,31/12/2020
001600191550,6039526252295,001,31/12/2020
001600191551,9426132343150,001,31/12/2020
001600191552,9142822127212,001,31/12/2020
001600191553,3944235520494,001,31/12/2020
001600191554,9613106185772,001,31/12/2020
001600191555,1082498008443,001,31/12/2020
001600191556,9281641803911,001,31/12/2020
001600191557,7257640585868,001,31/12/2020
001600191558,4861977520516,001,31/12/2020
001600191559,2970230038693,001,31/12/2020
001600191560,6438605594498,001,31/12/2020
001600191561,7609522307858,001,31/12/2020
001600191562,5997133892479,001,31/12/2020
001600191563,4347103301277,001,31/12/2020
001600191564,2268474649254,001,31/12/2020
001600191565,1829058082363,001,31/12/2020
001600191566,4492750595651,001,31/12/2020
001600191567,1238770469141,001,31/12/2020
001600191568,8677777128569,001,31/12/2020
001600191569,7201297561060,001,31/12/2020
001600191570,2009399253486,001,31/12/2020
001600191571,5448376358820,001,31/12/2020
001600191572,2879296272683,001,31/12/2020
001600191573,2982955245728,001,31/12/2020
001600191574,6708155283604,001,31/12/2020
001600191575,4894945580739,001,31/12/2020
001600191576,9697758716432,001,31/12/2020
001600191577,4779575441919,001,31/12/2020
001600191578,7717417494436,001,31/12/2020
001600191579,9300524841219,001,31/12/2020
001600191580,9234141367480,001,31/12/2020
001600191581,3274890658526,001,31/12/2020
001600191582,4350404258624,001,31/12/2020
001600191583,7646533170426,001,31/12/2020
001600191584,3640988554587,001,31/12/2020
001600191585,2970684663753,001,31/12/2020
001600191586,4037987428645,001,31/12/2020
001600191587,2965863241307,001,31/12/2020
001600191588,1761306954621,001,31/12/2020
001600191589,1965660481941,001,31/12/2020
001600191590,4268216550373,001,31/12/2020
001600191591,5420895244640,001,31/12/2020
001600191592,6567836906662,001,31/12/2020
001600191593,1460618359192,001,31/12/2020
001600191594,4327990577015,001,31/12/2020
001600191595,8174765671661,001,31/12/2020
001600191596,8252427560064,001,31/12/2020
001600191597,5145658283192,001,31/12/2020
001600191598,3880801237893,001,31/12/2020
001600191599,1363590700916,001,31/12/2020
001600191600,7083450664337,001,31/12/2020
001600191601,8877367746417,001,31/12/2020
001600191602,2536356661931,001,31/12/2020
001600191603,7820799723408,001,31/12/2020
001600191604,2654440837743,001,31/12/2020
001600191605,8070201852723,001,31/12/2020
001600191606,7225948992233,001,31/12/2020
001600191607,1634788115811,001,31/12/2020
001600191608,6579982763401,001,31/12/2020
001600191609,9646505096500,001,31/12/2020
001600191610,6038539749629,001,31/12/2020
001600191611,7394607261175,001,31/12/2020
001600191612,4023380621474,001,31/12/2020
001600191613,9531247033236,001,31/12/2020
001600191614,1951684664037,001,31/12/2020
001600191615,3058448137806,001,31/12/2020
001600191616,1460664450289,001,31/12/2020
001600191617,6430728209657,001,31/12/2020
001600191618,7626699274370,001,31/12/2020
001600191619,2459754655476,001,31/12/2020
001600191620,3506607896545,001,31/12/2020
001600191621,5588422117551,001,31/12/2020
001600191622,5980754250286,001,31/12/2020
001600191623,5870939480605,001,31/12/2020
001600191624,1284857811704,001,31/12/2020
001600191625,1849924458842,001,31/12/2020
001600191626,1597056092659,001,31/12/2020
001600191627,7779929432693,001,31/12/2020
001600191628,2808250727841,001,31/12/2020
001600191629,7317937023860,001,31/12/2020
001600191630,5851658491013,001,31/12/2020
001600191631,6351087573819,001,31/12/2020
001600191632,7861458484476,001,31/12/2020
001600191633,7199572868656,001,31/12/2020
001600191634,9763939935568,001,31/12/2020
001600191635,5084342506388,001,31/12/2020
001600191636,2271863199796,001,31/12/2020
001600191637,7451215549085,001,31/12/2020
001600191638,1609438973875,001,31/12/2020
001600191639,6369022325517,001,31/12/2020
001600191640,3409119714505,001,31/12/2020
001600191641,8267371334370,001,31/12/2020
001600191642,1215792552792,001,31/12/2020
001600191643,7441526290994,001,31/12/2020
001600191644,3883691935691,001,31/12/2020
001600191645,9912744946951,001,31/12/2020
001600191646,9967756769193,001,31/12/2020
001600191647,6921642431065,001,31/12/2020
001600191648,2465765580563,001,31/12/2020
001600191649,2372089137279,001,31/12/2020
001600191650,2465172873042,001,31/12/2020
001600191651,7874542896759,001,31/12/2020
001600191652,9278386349051,001,31/12/2020
001600191653,8498040951691,001,31/12/2020
001600191654,4164464084293,001,31/12/2020
001600191655,5671145180363,001,31/12/2020
001600191656,1996166117775,001,31/12/2020
001600191657,1965863150433,001,31/12/2020
001600191658,8545410934100,001,31/12/2020
001600191659,2395054491438,001,31/12/2020
001600191660,1706631697313,001,31/12/2020
001600191661,4761231941140,001,31/12/2020
001600191662,2322206896066,001,31/12/2020
001600191663,1595222396701,001,31/12/2020
001600191664,2265951967253,001,31/12/2020
001600191665,9291895457746,001,31/12/2020
001600191666,7428538869145,001,31/12/2020
001600191667,2226373108733,001,31/12/2020
001600191668,1411169191212,001,31/12/2020
001600191669,7821761857528,001,31/12/2020
001600191670,4307853636659,001,31/12/2020
001600191671,7354535459525,001,31/12/2020
001600191672,3840369894790,001,31/12/2020
001600191673,5122273887597,001,31/12/2020
001600191674,1332929396323,001,31/12/2020
001600191675,3036293891692,001,31/12/2020
001600191676,7066751591354,001,31/12/2020
001600191677,4772351870804,001,31/12/2020
001600191678,6340904994624,001,31/12/2020
001600191679,7269836286064,001,31/12/2020
001600191680,9162765008194,001,31/12/2020
001600191681,3347971593567,001,31/12/2020
001600191682,4876216484671,001,31/12/2020
001600191683,1141433374049,001,31/12/2020
001600191684,9252712818302,001,31/12/2020
001600191685,5726643809816,001,31/12/2020
001600191686,6478262453327,001,31/12/2020
001600191687,6436444398720,001,31/12/2020
001600191688,5872459541889,001,31/12/2020
001600191689,2896994697345,001,31/12/2020
001600191690,5121936776795,001,31/12/2020
001600191691,6884299182929,001,31/12/2020
001600191692,7473677537115,001,31/12/2020
001600191693,2651849224119,001,31/12/2020
001600191694,8026071209899,001,31/12/2020
001600191695,6309927740629,001,31/12/2020
001600191696,8204203386440,001,31/12/2020
001600191697,5117514153418,001,31/12/2020
001600191698,9037783504959,001,31/12/2020
001600191699,8256163906701,001,31/12/2020
001600191700,4945057780027,001,31/12/2020
001600191701,4270263178923,001,31/12/2020
001600191702,2528171980600,001,31/12/2020
001600191703,9977296986317,001,31/12/2020
001600191704,3505425618598,001,31/12/2020
001600191705,9160681440965,001,31/12/2020
001600191706,5829267560924,001,31/12/2020
001600191707,4282419212904,001,31/12/2020
001600191708,5035360628477,001,31/12/2020
001600191709,3265347857840,001,31/12/2020
001600191710,1531096012818,001,31/12/2020
001600191711,7728197058166,001,31/12/2020
001600191712,9939376768053,001,31/12/2020
001600191713,3411386612110,001,31/12/2020
001600191714,7936314250125,001,31/12/2020
001600191715,5972848705798,001,31/12/2020
001600191716,5950550422046,001,31/12/2020
001600191717,9919314268066,001,31/12/2020
001600191718,3371274538826,001,31/12/2020
001600191719,6783511657549,001,31/12/2020
001600191720,4508818916909,001,31/12/2020
001600191721,3839463442314,001,31/12/2020
001600191722,4345662946931,001,31/12/2020
001600191723,6522367574332,001,31/12/2020
001600191724,2160835677621,001,31/12/2020
001600191725,3174484122074,001,31/12/2020
001600191726,9370868837752,001,31/12/2020
001600191727,5199309107833,001,31/12/2020
001600191728,7544308164233,001,31/12/2020
001600191729,6509814233120,001,31/12/2020
001600191730,8904447365300,001,31/12/2020
001600191731,6070973918781,001,31/12/2020
001600191732,5973495049584,001,31/12/2020
001600191733,3274591417360,001,31/12/2020
001600191734,7350046883865,001,31/12/2020
001600191735,7194928693798,001,31/12/2020
001600191736,7951808865763,001,31/12/2020
001600191737,2174806945720,001,31/12/2020
001600191738,4767013978937,001,31/12/2020
001600191739,7913163028693,001,31/12/2020
001600191740,5235513284294,001,31/12/2020
001600191741,8063480833865,001,31/12/2020
001600191742,9642142062503,001,31/12/2020
001600191743,8918614493908,001,31/12/2020
001600191744,7864183818911,001,31/12/2020
001600191745,9583552001320,001,31/12/2020
001600191746,2731691606075,001,31/12/2020
001600191747,2796294114414,001,31/12/2020
001600191748,7110652914770,001,31/12/2020
001600191749,5690234176060,001,31/12/2020
001600191750,8737199376173,001,31/12/2020
001600191751,7872739107954,001,31/12/2020
001600191752,7991403303759,001,31/12/2020
001600191753,2071567255590,001,31/12/2020
001600191754,1588390818852,001,31/12/2020
001600191755,8259108987818,001,31/12/2020
001600191756,5256838426978,001,31/12/2020
001600191757,8936902050102,001,31/12/2020
001600191758,8064635785493,001,31/12/2020
001600191759,1229163359730,001,31/12/2020
001600191760,8086038981488,001,31/12/2020
001600191761,9576438343953,001,31/12/2020
001600191762,1363590689702,001,31/12/2020
001600191763,3414770606269,001,31/12/2020
001600191764,2965725754855,001,31/12/2020
001600191765,2268149090763,001,31/12/2020
001600191766,7305914165774,001,31/12/2020
001600191767,1363370876549,001,31/12/2020
001600191768,8406577202092,001,31/12/2020
001600191769,5463691222603,001,31/12/2020
001600191770,7922900938856,001,31/12/2020
001600191771,2466843330961,001,31/12/2020
001600191772,2152430730964,001,31/12/2020
001600191773,4872240310213,001,31/12/2020
001600191774,7191591167284,001,31/12/2020
001600191775,1131008622841,001,31/12/2020
001600191776,1799779542704,001,31/12/2020
001600191777,2160159726384,001,31/12/2020
001600191778,1146269223768,001,31/12/2020
001600191779,2449566829205,001,31/12/2020
001600191780,6073586237781,001,31/12/2020
001600191781,2556172858377,001,31/12/2020
001600191782,6606264705391,001,31/12/2020
001600191783,8538750178699,001,31/12/2020
001600191784,9456532639136,001,31/12/2020
001600191785,8629027407094,001,31/12/2020
001600191786,1342142831808,001,31/12/2020
001600191787,7706578491728,001,31/12/2020
001600191788,1141307461012,001,31/12/2020
001600191789,6073975887117,001,31/12/2020
001600191790,3761176231610,001,31/12/2020
001600191791,8933651321796,001,31/12/2020
001600191792,6096155026285,001,31/12/2020
001600191793,6145785677618,001,31/12/2020
001600191794,7183405656601,001,31/12/2020
001600191795,6996328291483,001,31/12/2020
001600191796,3667645197369,001,31/12/2020
001600191797,1584864257016,001,31/12/2020
001600191798,3678923777016,001,31/12/2020
001600191799,7394663185021,001,31/12/2020
001600191800,6354221516829,001,31/12/2020
001600191801,1938101222727,001,31/12/2020
001600191802,1607377957435,001,31/12/2020
001600191803,4228120901385,001,31/12/2020
001600191804,7703931310368,001,31/12/2020
001600191805,2665677262723,001,31/12/2020
001600191806,2902439421266,001,31/12/2020
001600191807,1516084841637,001,31/12/2020
001600191808,4939383799026,001,31/12/2020
001600191809,4093619714410,001,31/12/2020
001600191810,6491416426056,001,31/12/2020
001600191811,5552666526573,001,31/12/2020
001600191812,2150302437044,001,31/12/2020
001600191813,8078654877261,001,31/12/2020
001600191814,6332713765288,001,31/12/2020
001600191815,4706312484455,001,31/12/2020
001600191816,2321093742037,001,31/12/2020
001600191817,4706578464590,001,31/12/2020
001600191818,4761754083882,001,31/12/2020
001600191819,2850447084609,001,31/12/2020
001600191820,8468391428718,001,31/12/2020
001600191821,5985695430813,001,31/12/2020
001600191822,3927407307081,001,31/12/2020
001600191823,9608473870090,001,31/12/2020
001600191824,6520555138136,001,31/12/2020
001600191825,9771129590170,001,31/12/2020
001600191826,6637099217498,001,31/12/2020
001600191827,9236368494082,001,31/12/2020
001600191828,5909063108233,001,31/12/2020
001600191829,2633754887757,001,31/12/2020
001600191830,3354535370558,001,31/12/2020
001600191831,5484265829587,001,31/12/2020
001600191832,4595806816777,001,31/12/2020
001600191833,4900048377851,001,31/12/2020
001600191834,9320893025577,001,31/12/2020
001600191835,9071641625510,001,31/12/2020
001600191836,2511825313023,001,31/12/2020
001600191837,9532402121417,001,31/12/2020
001600191838,2587609144514,001,31/12/2020
001600191839,9789576115585,001,31/12/2020
001600191840,3244822465431,001,31/12/2020
001600191841,1976562040600,001,31/12/2020
001600191842,5942615013754,001,31/12/2020
001600191843,7823414007736,001,31/12/2020
001600191844,3257152939075,001,31/12/2020
001600191845,1328576763164,001,31/12/2020
001600191846,1050002749291,001,31/12/2020
001600191847,2864051508467,001,31/12/2020
001600191848,5335758920163,001,31/12/2020
001600191849,5896833174255,001,31/12/2020
001600191850,2235610608648,001,31/12/2020
001600191851,4892995020439,001,31/12/2020
001600191852,1726588273988,001,31/12/2020
001600191853,6077036566231,001,31/12/2020
001600191854,5434065765760,001,31/12/2020
001600191855,7735572357569,001,31/12/2020
001600191856,8086060912131,001,31/12/2020
001600191857,9329008542419,001,31/12/2020
001600191858,3613106239165,001,31/12/2020
001600191859,7885313171684,001,31/12/2020
001600191860,9802594586756,001,31/12/2020
001600191861,1680260581938,001,31/12/2020
001600191862,6424817219503,001,31/12/2020
001600191863,3200224438143,001,31/12/2020
001600191864,4721149801252,001,31/12/2020
001600191865,7989495713357,001,31/12/2020
001600191866,4798381607862,001,31/12/2020
001600191867,3519103621568,001,31/12/2020
001600191868,9987937873365,001,31/12/2020
001600191869,1115763006848,001,31/12/2020
001600191870,6991494609384,001,31/12/2020
001600191871,7139071912845,001,31/12/2020
001600191872,8790445501574,001,31/12/2020
001600191873,5271211319169,001,31/12/2020
001600191874,8449057405364,001,31/12/2020
001600191875,6446390231530,001,31/12/2020
001600191876,8402561901734,001,31/12/2020
001600191877,5538623893784,001,31/12/2020
001600191878,3390858098259,001,31/12/2020
001600191879,8293855924826,001,31/12/2020
001600191880,2360857547169,001,31/12/2020
001600191881,8754237943916,001,31/12/2020
001600191882,6549869332047,001,31/12/2020
001600191883,7301870434322,001,31/12/2020
001600191884,7700874883690,001,31/12/2020
001600191885,7306076336853,001,31/12/2020
001600191886,5994760577757,001,31/12/2020
001600191887,5354535416929,001,31/12/2020
001600191888,7500825262940,001,31/12/2020
001600191889,6825889637776,001,31/12/2020
001600191890,5436212969661,001,31/12/2020
001600191891,9543387104059,001,31/12/2020
001600191892,2481464554002,001,31/12/2020
001600191893,4581645471499,001,31/12/2020
001600191894,1949004513633,001,31/12/2020
001600191895,2120053977887,001,31/12/2020
001600191896,6405914412914,001,31/12/2020
001600191897,9559022710080,001,31/12/2020
001600191898,4680099595808,001,31/12/2020
001600191899,1880029664703,001,31/12/2020
001600191900,8821609534545,001,31/12/2020
001600191901,9938109554036,001,31/12/2020
001600191902,9812643598705,001,31/12/2020
001600191903,6536356727591,001,31/12/2020
001600191904,7908883453963,001,31/12/2020
001600191905,7086060951779,001,31/12/2020
001600191906,1133944378585,001,31/12/2020
001600191907,1699968657304,001,31/12/2020
001600191908,4771278658588,001,31/12/2020
001600191909,3031298900290,001,31/12/2020
001600191910,2692844556631,001,31/12/2020
001600191911,4489646649003,001,31/12/2020
001600191912,5595745685581,001,31/12/2020
001600191913,4180086110509,001,31/12/2020
001600191914,6899910121307,001,31/12/2020
001600191915,3650933061799,001,31/12/2020
001600191916,2941882796373,001,31/12/2020
001600191917,2618220927665,001,31/12/2020
001600191918,7251739222008,001,31/12/2020
001600191919,8689013953481,001,31/12/2020
001600191920,6639299075950,001,31/12/2020
001600191921,7317922781919,001,31/12/2020
001600191922,7359200735314,001,31/12/2020
001600191923,5900048332855,001,31/12/2020
001600191924,6386907491298,001,31/12/2020
001600191925,1420727121635,001,31/12/2020
001600191926,6332382250949,001,31/12/2020
001600191927,5225948970396,001,31/12/2020
001600191928,2243327327096,001,31/12/2020
001600191929,5182438735592,001,31/12/2020
001600191930,1528453256552,001,31/12/2020
001600191931,6293676954228,001,31/12/2020
001600191932,8245784471333,001,31/12/2020
001600191933,6660505121494,001,31/12/2020
001600191934,1632612411873,001,31/12/2020
001600191935,9739547441938,001,31/12/2020
001600191936,7349688436018,001,31/12/2020
001600191937,8982192194678,001,31/12/2020
001600191938,3278670773489,001,31/12/2020
001600191939,8511355265801,001,31/12/2020
001600191940,1946556682885,001,31/12/2020
001600191941,7284157193968,001,31/12/2020
001600191942,7973101779965,001,31/12/2020
001600191943,9268926819348,001,31/12/2020
001600191944,4158247716295,001,31/12/2020
001600191945,9788861719549,001,31/12/2020
001600191946,2192483052671,001,31/12/2020
001600191947,5174484118941,001,31/12/2020
001600191948,6092063189008,001,31/12/2020
001600191949,1818737051911,001,31/12/2020
001600191950,3880801271411,001,31/12/2020
001600191951,1761115219920,001,31/12/2020
001600191952,1076310119559,001,31/12/2020
001600191953,7619480922931,001,31/12/2020
001600191954,6200889237270,001,31/12/2020
001600191955,7872645606990,001,31/12/2020
001600191956,6676369957207,001,31/12/2020
001600191957,9681150906349,001,31/12/2020
001600191958,2340289460701,001,31/12/2020
001600191959,4453595874801,001,31/12/2020
001600191960,5765983426783,001,31/12/2020
001600191961,6319694630517,001,31/12/2020
001600191962,7832855938768,001,31/12/2020
001600191963,6169697629646,001,31/12/2020
001600191964,5314518642827,001,31/12/2020
001600191965,7452898233202,001,31/12/2020
001600191966,4057252504244,001,31/12/2020
001600191967,8355228317747,001,31/12/2020
001600191968,6242576041812,001,31/12/2020
001600191969,6669402705038,001,31/12/2020
001600191970,1196791330322,001,31/12/2020
001600191971,4644197505273,001,31/12/2020
001600191972,7394663191183,001,31/12/2020
001600191973,9637897091219,001,31/12/2020
001600191974,8825138759462,001,31/12/2020
001600191975,7009360886111,001,31/12/2020
001600191976,1059075624433,001,31/12/2020
001600191977,3028403175087,001,31/12/2020
001600191978,7187020889469,001,31/12/2020
001600191979,8944881077464,001,31/12/2020
001600191980,6208030232545,001,31/12/2020
001600191981,5546004594625,001,31/12/2020
001600191982,3394851144295,001,31/12/2020
001600191983,7989495618513,001,31/12/2020
001600191984,7275242448127,001,31/12/2020
001600191985,9475974426378,001,31/12/2020
001600191986,4927241689238,001,31/12/2020
001600191987,7247461113117,001,31/12/2020
001600191988,7502064750579,001,31/12/2020
001600191989,1395791567457,001,31/12/2020
001600191990,3557753451382,001,31/12/2020
001600191991,3278670760368,001,31/12/2020
001600191992,4871462109116,001,31/12/2020
001600191993,4370102748201,001,31/12/2020
001600191994,1124207594605,001,31/12/2020
001600191995,5096155004518,001,31/12/2020
001600191996,4354891086450,001,31/12/2020
001600191997,9892315195849,001,31/12/2020
001600191998,9072445125016,001,31/12/2020
001600191999,6983719267761,001,31/12/2020
001600192000,6063480813428,001,31/12/2020
001600192001,9211600615953,001,31/12/2020
001600192002,5770120789131,001,31/12/2020
001600192003,2402773301550,001,31/12/2020
001600192004,4071073229676,001,31/12/2020
001600192005,3588779126900,001,31/12/2020
001600192006,6485856951528,001,31/12/2020
001600192007,1984618071434,001,31/12/2020
001600192008,1748632366065,001,31/12/2020
001600192009,2629164773628,001,31/12/2020
001600192010,9249074485549,001,31/12/2020
001600192011,2562539726828,001,31/12/2020
001600192012,3112189741373,001,31/12/2020
001600192013,6537537776162,001,31/12/2020
001600192014,6575495550831,001,31/12/2020
001600192015,6702532725081,001,31/12/2020
001600192016,9995841998536,001,31/12/2020
001600192017,6615490951959,001,31/12/2020
001600192018,5824864063594,001,31/12/2020
001600192019,7689582895422,001,31/12/2020
001600192020,7392237168443,001,31/12/2020
001600192021,1234633462280,001,31/12/2020
001600192022,8943315108712,001,31/12/2020
001600192023,5447727552979,001,31/12/2020
001600192024,8385955483271,001,31/12/2020
001600192025,3960819787399,001,31/12/2020
001600192026,2350912896259,001,31/12/2020
001600192027,5785916119161,001,31/12/2020
001600192028,7467770775010,001,31/12/2020
001600192029,1691925104500,001,31/12/2020
001600192030,6366301810576,001,31/12/2020
001600192031,4364849188804,001,31/12/2020
001600192032,7201607978044,001,31/12/2020
001600192033,6191591197145,001,31/12/2020
001600192034,3595124076528,001,31/12/2020
001600192035,5029518660201,001,31/12/2020
001600192036,3847318352952,001,31/12/2020
001600192037,1687695583027,001,31/12/2020
001600192038,2987698069854,001,31/12/2020
001600192039,9690209722467,001,31/12/2020
001600192040,3307853611429,001,31/12/2020
001600192041,7046887239944,001,31/12/2020
001600192042,2167464699720,001,31/12/2020
001600192043,2645107205880,001,31/12/2020
001600192044,7325734809095,001,31/12/2020
001600192045,6984130483800,001,31/12/2020
001600192046,7196010422008,001,31/12/2020
001600192047,6854852476785,001,31/12/2020
001600192048,9272677380923,001,31/12/2020
001600192049,2059076873012,001,31/12/2020
001600192050,5909194516566,001,31/12/2020
001600192051,3568536764354,001,31/12/2020
001600192052,1146980385615,001,31/12/2020
001600192053,7108040854769,001,31/12/2020
001600192054,2236368526344,001,31/12/2020
001600192055,3382333352993,001,31/12/2020
001600192056,3657916988652,001,31/12/2020
001600192057,1184992951498,001,31/12/2020
001600192058,5588390786938,001,31/12/2020
001600192059,3878631902859,001,31/12/2020
001600192060,5756824913619,001,31/12/2020
001600192061,2800294975623,001,31/12/2020
001600192062,3983745880316,001,31/12/2020
001600192063,5024438420396,001,31/12/2020
001600192064,5856661600415,001,31/12/2020
001600192065,3694904499735,001,31/12/2020
001600192066,7574936409934,001,31/12/2020
001600192067,9654006901227,001,31/12/2020
001600192068,9880029614276,001,31/12/2020
001600192069,9433314265289,001,31/12/2020
001600192070,4789576072554,001,31/12/2020
001600192071,5666721006983,001,31/12/2020
001600192072,9259414799197,001,31/12/2020
001600192073,2097357286177,001,31/12/2020
001600192074,7216404895912,001,31/12/2020
001600192075,3722516144223,001,31/12/2020
001600192076,5734992667264,001,31/12/2020
001600192077,6992605329672,001,31/12/2020
001600192078,5232785841654,001,31/12/2020
001600192079,1198617388763,001,31/12/2020
001600192080,7979925629054,001,31/12/2020
001600192081,9048558789567,001,31/12/2020
001600192082,3328510287520,001,31/12/2020
001600192083,1117903986941,001,31/12/2020
001600192084,8715480802182,001,31/12/2020
001600192085,1183730692966,001,31/12/2020
001600192086,3321791387056,001,31/12/2020
001600192087,9731674193491,001,31/12/2020
001600192088,8613985844218,001,31/12/2020
001600192089,3533892506655,001,31/12/2020
001600192090,7285283054430,001,31/12/2020
001600192091,2491416423184,001,31/12/2020
001600192092,2348417615239,001,31/12/2020
001600192093,4196791243614,001,31/12/2020
001600192094,1789380766613,001,31/12/2020
001600192095,4696723684565,001,31/12/2020
001600192096,9567367314077,001,31/12/2020
001600192097,1941882789540,001,31/12/2020
001600192098,4098766189070,001,31/12/2020
001600192099,9464154190801,001,31/12/2020
001600192100,9873510308950,001,31/12/2020
001600192101,7382721040843,001,31/12/2020
001600192102,5530396767510,001,31/12/2020
001600192103,1899792699251,001,31/12/2020
001600192104,9340761374840,001,31/12/2020
001600192105,5124645356788,001,31/12/2020
001600192106,4216036955795,001,31/12/2020
001600192107,8815767547120,001,31/12/2020
001600192108,7350312875966,001,31/12/2020
001600192109,6219916443198,001,31/12/2020
001600192110,4591449530697,001,31/12/2020
001600192111,4118606351444,001,31/12/2020
001600192112,8124207613328,001,31/12/2020
001600192113,4973898711591,001,31/12/2020
001600192114,3862204523087,001,31/12/2020
001600192115,4471016487939,001,31/12/2020
001600192116,1093579964079,001,31/12/2020
001600192117,7187120001597,001,31/12/2020
001600192118,7022550636010,001,31/12/2020
001600192119,8722582140777,001,31/12/2020
001600192120,3377528382457,001,31/12/2020
001600192121,7502065311877,001,31/12/2020
001600192122,4323646140818,001,31/12/2020
001600192123,5812609759415,001,31/12/2020
001600192124,3108918063428,001,31/12/2020
001600192125,9373951356753,001,31/12/2020
001600192126,1764568780540,001,31/12/2020
001600192127,7196425326080,001,31/12/2020
001600192128,2306076328263,001,31/12/2020
001600192129,2274591462139,001,31/12/2020
001600192130,8418267492511,001,31/12/2020
001600192131,5455205066757,001,31/12/2020
001600192132,4369022298707,001,31/12/2020
001600192133,3221116056473,001,31/12/2020
001600192134,7335469268471,001,31/12/2020
001600192135,1387335876457,001,31/12/2020
001600192136,1457184592480,001,31/12/2020
001600192137,4744993609148,001,31/12/2020
001600192138,9460646893301,001,31/12/2020
001600192139,8853508809690,001,31/12/2020
001600192140,6425826525781,001,31/12/2020
001600192141,2307562406616,001,31/12/2020
001600192142,1350900736817,001,31/12/2020
001600192143,1490151443492,001,31/12/2020
001600192144,1820952225672,001,31/12/2020
001600192145,8229163306169,001,31/12/2020
001600192146,5779230908841,001,31/12/2020
001600192147,7117514132835,001,31/12/2020
001600192148,5302941051814,001,31/12/2020
001600192149,6694343396193,001,31/12/2020
001600192150,2075638102824,001,31/12/2020
001600192151,2102170125368,001,31/12/2020
001600192152,3334950848054,001,31/12/2020
001600192153,7786179027402,001,31/12/2020
001600192154,2873510342996,001,31/12/2020
001600192155,1104480863362,001,31/12/2020
001600192156,3894762470580,001,31/12/2020
001600192157,4269331460240,001,31/12/2020
001600192158,3904430630006,001,31/12/2020
001600192159,5190120957572,001,31/12/2020
001600192160,9591556715385,001,31/12/2020
001600192161,3463538225863,001,31/12/2020
001600192162,5798524959023,001,31/12/2020
001600192163,4654879986509,001,31/12/2020
001600192164,2784900063079,001,31/12/2020
001600192165,9543188705853,001,31/12/2020
001600192166,6647573968168,001,31/12/2020
001600192167,4923802235500,001,31/12/2020
001600192168,6224922827525,001,31/12/2020
001600192169,9281550722163,001,31/12/2020
001600192170,2048673504565,001,31/12/2020
001600192171,1120137295173,001,31/12/2020
001600192172,4838519499252,001,31/12/2020
001600192173,1619480894305,001,31/12/2020
001600192174,6961189610903,001,31/12/2020
001600192175,1429170381746,001,31/12/2020
001600192176,8185417294356,001,31/12/2020
001600192177,5110898269954,001,31/12/2020
001600192178,8759349176032,001,31/12/2020
001600192179,9545195232770,001,31/12/2020
001600192180,7533069684892,001,31/12/2020
001600192181,8603288813168,001,31/12/2020
001600192182,2397659359785,001,31/12/2020
001600192183,1547703210193,001,31/12/2020
001600192184,1821996376088,001,31/12/2020
001600192185,4337739146023,001,31/12/2020
001600192186,3046291953406,001,31/12/2020
001600192187,8096770866775,001,31/12/2020
001600192188,3579718530516,001,31/12/2020
001600192189,3498785238029,001,31/12/2020
001600192190,5945057753715,001,31/12/2020
001600192191,7808493369491,001,31/12/2020
001600192192,8836861870176,001,31/12/2020
001600192193,7164464112384,001,31/12/2020
001600192194,8218810250234,001,31/12/2020
001600192195,6655391252906,001,31/12/2020
001600192196,2679358520169,001,31/12/2020
001600192197,5242037889602,001,31/12/2020
001600192198,7976979230671,001,31/12/2020
001600192199,6648601972356,001,31/12/2020
001600192200,2327529647040,001,31/12/2020
001600192201,9766193548440,001,31/12/2020
001600192202,9709363699612,001,31/12/2020
001600192203,9024643715669,001,31/12/2020
001600192204,5784900079153,001,31/12/2020
001600192205,6141635018213,001,31/12/2020
001600192206,4267371321245,001,31/12/2020
001600192207,9159818868555,001,31/12/2020
001600192208,1142763543163,001,31/12/2020
001600192209,3690772898141,001,31/12/2020